000 30 (720,1280,3)
001 30 (720,1280,3)
002 30 (720,1280,3)
003 30 (720,1280,3)
004 30 (720,1280,3)
005 30 (720,1280,3)
006 30 (720,1280,3)
007 30 (720,1280,3)
008 30 (720,1280,3)
009 30 (720,1280,3)
010 30 (720,1280,3)
011 30 (720,1280,3)
012 30 (720,1280,3)
013 30 (720,1280,3)
014 30 (720,1280,3)
015 30 (720,1280,3)
016 30 (720,1280,3)
017 30 (720,1280,3)
018 30 (720,1280,3)
019 30 (720,1280,3)
020 30 (720,1280,3)
021 30 (720,1280,3)
022 30 (720,1280,3)
023 30 (720,1280,3)
024 30 (720,1280,3)
025 30 (720,1280,3)
026 30 (720,1280,3)
027 30 (720,1280,3)
028 30 (720,1280,3)
029 30 (720,1280,3)
030 30 (720,1280,3)
031 30 (720,1280,3)
032 30 (720,1280,3)
033 30 (720,1280,3)
034 30 (720,1280,3)
035 30 (720,1280,3)
036 30 (720,1280,3)
037 30 (720,1280,3)
038 30 (720,1280,3)
039 30 (720,1280,3)
040 30 (720,1280,3)
041 30 (720,1280,3)
042 30 (720,1280,3)
043 30 (720,1280,3)
044 30 (720,1280,3)
045 30 (720,1280,3)
046 30 (720,1280,3)
047 30 (720,1280,3)
048 30 (720,1280,3)
049 30 (720,1280,3)
050 30 (720,1280,3)
051 30 (720,1280,3)
052 30 (720,1280,3)
053 30 (720,1280,3)
054 30 (720,1280,3)
055 30 (720,1280,3)
056 30 (720,1280,3)
057 30 (720,1280,3)
058 30 (720,1280,3)
059 30 (720,1280,3)
060 30 (720,1280,3)
061 30 (720,1280,3)
062 30 (720,1280,3)
063 30 (720,1280,3)
064 30 (720,1280,3)
065 30 (720,1280,3)
066 30 (720,1280,3)
067 30 (720,1280,3)
068 30 (720,1280,3)
069 30 (720,1280,3)
070 30 (720,1280,3)
071 30 (720,1280,3)
072 30 (720,1280,3)
073 30 (720,1280,3)
074 30 (720,1280,3)
075 30 (720,1280,3)
076 30 (720,1280,3)
077 30 (720,1280,3)
078 30 (720,1280,3)
079 30 (720,1280,3)
080 30 (720,1280,3)
081 30 (720,1280,3)
082 30 (720,1280,3)
083 30 (720,1280,3)
084 30 (720,1280,3)
085 30 (720,1280,3)
086 30 (720,1280,3)
087 30 (720,1280,3)
088 30 (720,1280,3)
089 30 (720,1280,3)
090 30 (720,1280,3)
091 30 (720,1280,3)
092 30 (720,1280,3)
093 30 (720,1280,3)
094 30 (720,1280,3)
095 30 (720,1280,3)
096 30 (720,1280,3)
097 30 (720,1280,3)
098 30 (720,1280,3)
099 30 (720,1280,3)
100 30 (720,1280,3)
101 30 (720,1280,3)
102 30 (720,1280,3)
103 30 (720,1280,3)
104 30 (720,1280,3)
105 30 (720,1280,3)
106 30 (720,1280,3)
107 30 (720,1280,3)
108 30 (720,1280,3)
109 30 (720,1280,3)
110 30 (720,1280,3)
111 30 (720,1280,3)
112 30 (720,1280,3)
113 30 (720,1280,3)
114 30 (720,1280,3)
115 30 (720,1280,3)
116 30 (720,1280,3)
117 30 (720,1280,3)
118 30 (720,1280,3)
119 30 (720,1280,3)
120 30 (720,1280,3)
121 30 (720,1280,3)
122 30 (720,1280,3)
123 30 (720,1280,3)
124 30 (720,1280,3)
125 30 (720,1280,3)
126 30 (720,1280,3)
127 30 (720,1280,3)
128 30 (720,1280,3)
129 30 (720,1280,3)
130 30 (720,1280,3)
131 30 (720,1280,3)
132 30 (720,1280,3)
133 30 (720,1280,3)
134 30 (720,1280,3)
135 30 (720,1280,3)
136 30 (720,1280,3)
137 30 (720,1280,3)
138 30 (720,1280,3)
139 30 (720,1280,3)
140 30 (720,1280,3)
141 30 (720,1280,3)
142 30 (720,1280,3)
143 30 (720,1280,3)
144 30 (720,1280,3)
145 30 (720,1280,3)
146 30 (720,1280,3)
147 30 (720,1280,3)
148 30 (720,1280,3)
149 30 (720,1280,3)
150 30 (720,1280,3)
151 30 (720,1280,3)
152 30 (720,1280,3)
153 30 (720,1280,3)
154 30 (720,1280,3)
155 30 (720,1280,3)
156 30 (720,1280,3)
157 30 (720,1280,3)
158 30 (720,1280,3)
159 30 (720,1280,3)
160 30 (720,1280,3)
161 30 (720,1280,3)
162 30 (720,1280,3)
163 30 (720,1280,3)
164 30 (720,1280,3)
165 30 (720,1280,3)
166 30 (720,1280,3)
167 30 (720,1280,3)
168 30 (720,1280,3)
169 30 (720,1280,3)
170 30 (720,1280,3)
171 30 (720,1280,3)
172 30 (720,1280,3)
173 30 (720,1280,3)
174 30 (720,1280,3)
175 30 (720,1280,3)
176 30 (720,1280,3)
177 30 (720,1280,3)
178 30 (720,1280,3)
179 30 (720,1280,3)
180 30 (720,1280,3)
181 30 (720,1280,3)
182 30 (720,1280,3)
183 30 (720,1280,3)
184 30 (720,1280,3)
185 30 (720,1280,3)
186 30 (720,1280,3)
187 30 (720,1280,3)
188 30 (720,1280,3)
189 30 (720,1280,3)
190 30 (720,1280,3)
191 30 (720,1280,3)
192 30 (720,1280,3)
193 30 (720,1280,3)
194 30 (720,1280,3)
195 30 (720,1280,3)
196 30 (720,1280,3)
197 30 (720,1280,3)
198 30 (720,1280,3)
199 30 (720,1280,3)
200 30 (720,1280,3)
201 30 (720,1280,3)
202 30 (720,1280,3)
203 30 (720,1280,3)
204 30 (720,1280,3)
205 30 (720,1280,3)
206 30 (720,1280,3)
207 30 (720,1280,3)
208 30 (720,1280,3)
209 30 (720,1280,3)
210 30 (720,1280,3)
211 30 (720,1280,3)
212 30 (720,1280,3)
213 30 (720,1280,3)
214 30 (720,1280,3)
215 30 (720,1280,3)
216 30 (720,1280,3)
217 30 (720,1280,3)
218 30 (720,1280,3)
219 30 (720,1280,3)
220 30 (720,1280,3)
221 30 (720,1280,3)
222 30 (720,1280,3)
223 30 (720,1280,3)
224 30 (720,1280,3)
225 30 (720,1280,3)
226 30 (720,1280,3)
227 30 (720,1280,3)
228 30 (720,1280,3)
229 30 (720,1280,3)
230 30 (720,1280,3)
231 30 (720,1280,3)
232 30 (720,1280,3)
233 30 (720,1280,3)
234 30 (720,1280,3)
235 30 (720,1280,3)
236 30 (720,1280,3)
237 30 (720,1280,3)
238 30 (720,1280,3)
239 30 (720,1280,3)